c Instance numero 1 du type montagne
p 100 396 789
a 1 1 1
a 1 2 1
a 1 3 1
a 1 4 1
a 2 5 1
a 2 6 1
a 2 7 1
a 2 8 1
a 3 9 1
a 3 10 1
a 3 11 1
a 3 12 1
a 4 13 1
a 4 14 1
a 4 15 1
a 4 16 1
a 5 17 1
a 5 18 1
a 5 19 1
a 5 20 1
a 6 21 1
a 6 22 1
a 6 23 1
a 6 24 1
a 7 25 1
a 7 26 1
a 7 27 1
a 7 28 1
a 8 29 1
a 8 30 1
a 8 31 1
a 8 32 1
a 9 33 1
a 9 34 1
a 9 35 1
a 9 36 1
a 10 37 1
a 10 38 1
a 10 39 1
a 10 40 1
a 11 41 1
a 11 42 1
a 11 43 1
a 11 44 1
a 12 45 1
a 12 46 1
a 12 47 1
a 12 48 1
a 13 49 1
a 13 50 1
a 13 51 1
a 13 52 1
a 14 53 1
a 14 54 1
a 14 55 1
a 14 56 1
a 15 57 1
a 15 58 1
a 15 59 1
a 15 60 1
a 16 61 1
a 16 62 1
a 16 63 1
a 16 64 1
a 17 65 1
a 17 66 1
a 17 67 1
a 17 68 1
a 18 69 1
a 18 70 1
a 18 71 1
a 18 72 1
a 19 73 1
a 19 74 1
a 19 75 1
a 19 76 1
a 20 77 1
a 20 78 1
a 20 79 1
a 20 80 1
a 21 81 1
a 21 82 1
a 21 83 1
a 21 84 1
a 22 85 1
a 22 86 1
a 22 87 1
a 22 88 1
a 23 89 1
a 23 90 1
a 23 91 1
a 23 92 1
a 24 93 1
a 24 94 1
a 24 95 1
a 24 96 1
a 25 97 1
a 25 98 1
a 25 99 1
a 25 100 1
a 26 101 1
a 26 102 1
a 26 103 1
a 26 104 1
a 27 105 1
a 27 106 1
a 27 107 1
a 27 108 1
a 28 109 1
a 28 110 1
a 28 111 1
a 28 112 1
a 29 113 1
a 29 114 1
a 29 115 1
a 29 116 1
a 30 117 1
a 30 118 1
a 30 119 1
a 30 120 1
a 31 121 1
a 31 122 1
a 31 123 1
a 31 124 1
a 32 125 1
a 32 126 1
a 32 127 1
a 32 128 1
a 33 129 10000000000
a 33 130 10000000000
a 33 131 10000000000
a 33 132 10000000000
a 34 133 10000000000
a 34 134 10000000000
a 34 135 10000000000
a 34 136 10000000000
a 35 137 1
a 35 138 1
a 35 139 1
a 35 140 1
a 36 141 10000000000
a 36 142 10000000000
a 36 143 10000000000
a 36 144 10000000000
a 37 145 10000000000
a 37 146 10000000000
a 37 147 10000000000
a 37 148 10000000000
a 38 149 10000000000
a 38 150 10000000000
a 38 151 10000000000
a 38 152 10000000000
a 39 153 1
a 39 154 1
a 39 155 1
a 39 156 1
a 40 157 10000000000
a 40 158 10000000000
a 40 159 10000000000
a 40 160 10000000000
a 41 161 1
a 41 162 1
a 41 163 1
a 41 164 1
a 42 165 10000000000
a 42 166 10000000000
a 42 167 10000000000
a 42 168 10000000000
a 43 169 1
a 43 170 1
a 43 171 1
a 43 172 1
a 44 173 1
a 44 174 1
a 44 175 1
a 44 176 1
a 45 177 1
a 45 178 1
a 45 179 1
a 45 180 1
a 46 181 1
a 46 182 1
a 46 183 1
a 46 184 1
a 47 185 1
a 47 186 1
a 47 187 1
a 47 188 1
a 48 189 1
a 48 190 1
a 48 191 1
a 48 192 1
a 49 193 10000000000
a 49 194 10000000000
a 49 195 10000000000
a 49 196 10000000000
a 50 197 1
a 50 198 1
a 50 199 1
a 50 200 1
a 51 201 1
a 51 202 1
a 51 203 1
a 51 204 1
a 52 205 1
a 52 206 1
a 52 207 1
a 52 208 1
a 53 209 1
a 53 210 1
a 53 211 1
a 53 212 1
a 54 213 1
a 54 214 1
a 54 215 1
a 54 216 1
a 55 217 1
a 55 218 1
a 55 219 1
a 55 220 1
a 56 221 1
a 56 222 1
a 56 223 1
a 56 224 1
a 57 225 1
a 57 226 1
a 57 227 1
a 57 228 1
a 58 229 1
a 58 230 1
a 58 231 1
a 58 232 1
a 59 233 1
a 59 234 1
a 59 235 1
a 59 236 1
a 60 237 1
a 60 238 1
a 60 239 1
a 60 240 1
a 61 241 1
a 61 242 1
a 61 243 1
a 61 244 1
a 62 245 1
a 62 246 1
a 62 247 1
a 62 248 1
a 63 249 1
a 63 250 1
a 63 251 1
a 63 252 1
a 64 253 1
a 64 254 1
a 64 255 1
a 64 256 1
a 65 257 1
a 65 258 1
a 65 259 1
a 65 260 1
a 66 261 1
a 66 262 1
a 66 263 1
a 66 264 1
a 67 265 1
a 67 266 1
a 67 267 1
a 67 268 1
a 68 269 1
a 68 270 1
a 68 271 1
a 68 272 1
a 69 273 1
a 69 274 1
a 69 275 1
a 69 276 1
a 70 277 1
a 70 278 1
a 70 279 1
a 70 280 1
a 71 281 1
a 71 282 1
a 71 283 1
a 71 284 1
a 72 285 1
a 72 286 1
a 72 287 1
a 72 288 1
a 73 289 10000000000
a 73 290 10000000000
a 73 291 10000000000
a 73 292 10000000000
a 74 293 1
a 74 294 1
a 74 295 1
a 74 296 1
a 75 297 1
a 75 298 1
a 75 299 1
a 75 300 1
a 76 301 1
a 76 302 1
a 76 303 1
a 76 304 1
a 77 305 1
a 77 306 1
a 77 307 1
a 77 308 1
a 78 309 1
a 78 310 1
a 78 311 1
a 78 312 1
a 79 313 1
a 79 314 1
a 79 315 1
a 79 316 1
a 80 317 1
a 80 318 1
a 80 319 1
a 80 320 1
a 81 321 10000000000
a 81 322 10000000000
a 81 323 10000000000
a 81 324 10000000000
a 82 325 10000000000
a 82 326 10000000000
a 82 327 10000000000
a 82 328 10000000000
a 83 329 1
a 83 330 1
a 83 331 1
a 83 332 1
a 84 333 10000000000
a 84 334 10000000000
a 84 335 10000000000
a 84 336 10000000000
a 85 337 1
a 85 338 1
a 85 339 1
a 85 340 1
a 86 341 10000000000
a 86 342 10000000000
a 86 343 10000000000
a 86 344 10000000000
a 87 345 1
a 87 346 1
a 87 347 1
a 87 348 1
a 88 349 1
a 88 350 1
a 88 351 1
a 88 352 1
a 89 353 10000000000
a 89 354 10000000000
a 89 355 10000000000
a 89 356 10000000000
a 90 357 10000000000
a 90 358 10000000000
a 90 359 10000000000
a 90 360 10000000000
a 91 361 1
a 91 362 1
a 91 363 1
a 91 364 1
a 92 365 1
a 92 366 1
a 92 367 1
a 92 368 1
a 93 369 1
a 93 370 1
a 93 371 1
a 93 372 1
a 94 373 1
a 94 374 1
a 94 375 1
a 94 376 1
a 95 377 1
a 95 378 1
a 95 379 1
a 95 380 1
a 96 381 1
a 96 382 1
a 96 383 1
a 96 384 1
a 97 385 1
a 97 386 1
a 97 387 1
a 97 388 1
a 98 389 1
a 98 390 1
a 98 391 1
a 98 392 1
a 99 393 1
a 99 394 1
a 99 395 1
a 99 396 1
e 1 2 0.1
e 1 11 0.9
e 2 2 0.3
e 2 1 0.7
e 3 1 0.1
e 3 11 0.9
e 4 1 1
e 5 3 0.1
e 5 12 0.9
e 6 3 0.3
e 6 2 0.7
e 7 1 0.1
e 7 12 0.9
e 8 1 0.3
e 8 2 0.7
e 9 4 0.1
e 9 13 0.9
e 10 4 0.3
e 10 3 0.7
e 11 2 0.1
e 11 13 0.9
e 12 2 0.3
e 12 3 0.7
e 13 5 0.1
e 13 14 0.9
e 14 5 0.3
e 14 4 0.7
e 15 3 0.1
e 15 14 0.9
e 16 3 0.3
e 16 4 0.7
e 17 6 0.1
e 17 15 0.9
e 18 6 0.3
e 18 5 0.7
e 19 4 0.1
e 19 15 0.9
e 20 4 0.3
e 20 5 0.7
e 21 7 0.1
e 21 16 0.9
e 22 7 0.3
e 22 6 0.7
e 23 5 0.1
e 23 16 0.9
e 24 5 0.3
e 24 6 0.7
e 25 8 0.1
e 25 17 0.9
e 26 8 0.3
e 26 7 0.7
e 27 6 0.1
e 27 17 0.9
e 28 6 0.3
e 28 7 0.7
e 29 9 0.1
e 29 18 0.9
e 30 9 0.3
e 30 8 0.7
e 31 7 0.1
e 31 18 0.9
e 32 7 0.3
e 32 8 0.7
e 33 10 0.1
e 33 19 0.9
e 34 10 0.3
e 34 9 0.7
e 35 8 0.1
e 35 19 0.9
e 36 8 0.3
e 36 9 0.7
e 37 10 0.1
e 37 20 0.9
e 38 10 1
e 39 9 0.1
e 39 20 0.9
e 40 9 0.3
e 40 10 0.7
e 41 12 0.1
e 41 21 0.9
e 42 12 0.3
e 42 1 0.7
e 43 11 0.1
e 43 21 0.9
e 44 11 0.3
e 44 1 0.7
e 45 13 0.1
e 45 22 0.9
e 46 13 0.3
e 46 2 0.7
e 47 11 0.1
e 47 22 0.9
e 48 11 0.3
e 48 2 0.7
e 49 14 0.1
e 49 23 0.9
e 50 14 0.3
e 50 3 0.7
e 51 12 0.1
e 51 23 0.9
e 52 12 0.3
e 52 3 0.7
e 53 15 0.1
e 53 24 0.9
e 54 15 0.3
e 54 4 0.7
e 55 13 0.1
e 55 24 0.9
e 56 13 0.3
e 56 4 0.7
e 57 16 0.1
e 57 25 0.9
e 58 16 0.3
e 58 5 0.7
e 59 14 0.1
e 59 25 0.9
e 60 14 0.3
e 60 5 0.7
e 61 17 0.1
e 61 26 0.9
e 62 17 0.3
e 62 6 0.7
e 63 15 0.1
e 63 26 0.9
e 64 15 0.3
e 64 6 0.7
e 65 18 0.1
e 65 27 0.9
e 66 18 0.3
e 66 7 0.7
e 67 16 0.1
e 67 27 0.9
e 68 16 0.3
e 68 7 0.7
e 69 19 0.1
e 69 28 0.9
e 70 19 0.3
e 70 8 0.7
e 71 17 0.1
e 71 28 0.9
e 72 17 0.3
e 72 8 0.7
e 73 20 0.1
e 73 29 0.9
e 74 20 0.3
e 74 9 0.7
e 75 18 0.1
e 75 29 0.9
e 76 18 0.3
e 76 9 0.7
e 77 20 0.1
e 77 30 0.9
e 78 20 0.3
e 78 10 0.7
e 79 19 0.1
e 79 30 0.9
e 80 19 0.3
e 80 10 0.7
e 81 22 0.1
e 81 31 0.9
e 82 22 0.3
e 82 11 0.7
e 83 21 0.1
e 83 31 0.9
e 84 21 0.3
e 84 11 0.7
e 85 23 0.1
e 85 32 0.9
e 86 23 0.3
e 86 12 0.7
e 87 21 0.1
e 87 32 0.9
e 88 21 0.3
e 88 12 0.7
e 89 24 0.1
e 89 33 0.9
e 90 24 0.3
e 90 13 0.7
e 91 22 0.1
e 91 33 0.9
e 92 22 0.3
e 92 13 0.7
e 93 25 0.1
e 93 34 0.9
e 94 25 0.3
e 94 14 0.7
e 95 23 0.1
e 95 34 0.9
e 96 23 0.3
e 96 14 0.7
e 97 26 0.1
e 97 35 0.9
e 98 26 0.3
e 98 15 0.7
e 99 24 0.1
e 99 35 0.9
e 100 24 0.3
e 100 15 0.7
e 101 27 0.1
e 101 36 0.9
e 102 27 0.3
e 102 16 0.7
e 103 25 0.1
e 103 36 0.9
e 104 25 0.3
e 104 16 0.7
e 105 28 0.1
e 105 37 0.9
e 106 28 0.3
e 106 17 0.7
e 107 26 0.1
e 107 37 0.9
e 108 26 0.3
e 108 17 0.7
e 109 29 0.1
e 109 38 0.9
e 110 29 0.3
e 110 18 0.7
e 111 27 0.1
e 111 38 0.9
e 112 27 0.3
e 112 18 0.7
e 113 30 0.1
e 113 39 0.9
e 114 30 0.3
e 114 19 0.7
e 115 28 0.1
e 115 39 0.9
e 116 28 0.3
e 116 19 0.7
e 117 30 0.1
e 117 40 0.9
e 118 30 0.3
e 118 20 0.7
e 119 29 0.1
e 119 40 0.9
e 120 29 0.3
e 120 20 0.7
e 121 32 0.1
e 121 41 0.9
e 122 32 0.3
e 122 21 0.7
e 123 31 0.1
e 123 41 0.9
e 124 31 0.3
e 124 21 0.7
e 125 33 0.1
e 125 42 0.9
e 126 33 0.3
e 126 22 0.7
e 127 31 0.1
e 127 42 0.9
e 128 31 0.3
e 128 22 0.7
e 129 34 0.1
e 129 43 0.9
e 130 34 0.3
e 130 23 0.7
e 131 32 0.1
e 131 43 0.9
e 132 32 0.3
e 132 23 0.7
e 133 35 0.1
e 133 44 0.9
e 134 35 0.3
e 134 24 0.7
e 135 33 0.1
e 135 44 0.9
e 136 33 0.3
e 136 24 0.7
e 137 36 0.1
e 137 45 0.9
e 138 36 0.3
e 138 25 0.7
e 139 34 0.1
e 139 45 0.9
e 140 34 0.3
e 140 25 0.7
e 141 37 0.1
e 141 46 0.9
e 142 37 0.3
e 142 26 0.7
e 143 35 0.1
e 143 46 0.9
e 144 35 0.3
e 144 26 0.7
e 145 38 0.1
e 145 47 0.9
e 146 38 0.3
e 146 27 0.7
e 147 36 0.1
e 147 47 0.9
e 148 36 0.3
e 148 27 0.7
e 149 39 0.1
e 149 48 0.9
e 150 39 0.3
e 150 28 0.7
e 151 37 0.1
e 151 48 0.9
e 152 37 0.3
e 152 28 0.7
e 153 40 0.1
e 153 49 0.9
e 154 40 0.3
e 154 29 0.7
e 155 38 0.1
e 155 49 0.9
e 156 38 0.3
e 156 29 0.7
e 157 40 0.1
e 157 50 0.9
e 158 40 0.3
e 158 30 0.7
e 159 39 0.1
e 159 50 0.9
e 160 39 0.3
e 160 30 0.7
e 161 42 0.1
e 161 51 0.9
e 162 42 0.3
e 162 31 0.7
e 163 41 0.1
e 163 51 0.9
e 164 41 0.3
e 164 31 0.7
e 165 43 0.1
e 165 52 0.9
e 166 43 0.3
e 166 32 0.7
e 167 41 0.1
e 167 52 0.9
e 168 41 0.3
e 168 32 0.7
e 169 44 0.1
e 169 53 0.9
e 170 44 0.3
e 170 33 0.7
e 171 42 0.1
e 171 53 0.9
e 172 42 0.3
e 172 33 0.7
e 173 45 0.1
e 173 54 0.9
e 174 45 0.3
e 174 34 0.7
e 175 43 0.1
e 175 54 0.9
e 176 43 0.3
e 176 34 0.7
e 177 46 0.1
e 177 55 0.9
e 178 46 0.3
e 178 35 0.7
e 179 44 0.1
e 179 55 0.9
e 180 44 0.3
e 180 35 0.7
e 181 47 0.1
e 181 56 0.9
e 182 47 0.3
e 182 36 0.7
e 183 45 0.1
e 183 56 0.9
e 184 45 0.3
e 184 36 0.7
e 185 48 0.1
e 185 57 0.9
e 186 48 0.3
e 186 37 0.7
e 187 46 0.1
e 187 57 0.9
e 188 46 0.3
e 188 37 0.7
e 189 49 0.1
e 189 58 0.9
e 190 49 0.3
e 190 38 0.7
e 191 47 0.1
e 191 58 0.9
e 192 47 0.3
e 192 38 0.7
e 193 50 0.1
e 193 59 0.9
e 194 50 0.3
e 194 39 0.7
e 195 48 0.1
e 195 59 0.9
e 196 48 0.3
e 196 39 0.7
e 197 50 0.1
e 197 60 0.9
e 198 50 0.3
e 198 40 0.7
e 199 49 0.1
e 199 60 0.9
e 200 49 0.3
e 200 40 0.7
e 201 52 0.3
e 201 61 0.7
e 202 52 0.1
e 202 41 0.9
e 203 51 0.3
e 203 61 0.7
e 204 51 0.1
e 204 41 0.9
e 205 53 0.3
e 205 62 0.7
e 206 53 0.1
e 206 42 0.9
e 207 51 0.3
e 207 62 0.7
e 208 51 0.1
e 208 42 0.9
e 209 54 0.3
e 209 63 0.7
e 210 54 0.1
e 210 43 0.9
e 211 52 0.3
e 211 63 0.7
e 212 52 0.1
e 212 43 0.9
e 213 55 0.3
e 213 64 0.7
e 214 55 0.1
e 214 44 0.9
e 215 53 0.3
e 215 64 0.7
e 216 53 0.1
e 216 44 0.9
e 217 56 0.3
e 217 65 0.7
e 218 56 0.1
e 218 45 0.9
e 219 54 0.3
e 219 65 0.7
e 220 54 0.1
e 220 45 0.9
e 221 57 0.3
e 221 66 0.7
e 222 57 0.1
e 222 46 0.9
e 223 55 0.3
e 223 66 0.7
e 224 55 0.1
e 224 46 0.9
e 225 58 0.3
e 225 67 0.7
e 226 58 0.1
e 226 47 0.9
e 227 56 0.3
e 227 67 0.7
e 228 56 0.1
e 228 47 0.9
e 229 59 0.3
e 229 68 0.7
e 230 59 0.1
e 230 48 0.9
e 231 57 0.3
e 231 68 0.7
e 232 57 0.1
e 232 48 0.9
e 233 60 0.3
e 233 69 0.7
e 234 60 0.1
e 234 49 0.9
e 235 58 0.3
e 235 69 0.7
e 236 58 0.1
e 236 49 0.9
e 237 60 0.3
e 237 70 0.7
e 238 60 0.1
e 238 50 0.9
e 239 59 0.3
e 239 70 0.7
e 240 59 0.1
e 240 50 0.9
e 241 62 0.3
e 241 71 0.7
e 242 62 0.1
e 242 51 0.9
e 243 61 0.3
e 243 71 0.7
e 244 61 0.1
e 244 51 0.9
e 245 63 0.3
e 245 72 0.7
e 246 63 0.1
e 246 52 0.9
e 247 61 0.3
e 247 72 0.7
e 248 61 0.1
e 248 52 0.9
e 249 64 0.3
e 249 73 0.7
e 250 64 0.1
e 250 53 0.9
e 251 62 0.3
e 251 73 0.7
e 252 62 0.1
e 252 53 0.9
e 253 65 0.3
e 253 74 0.7
e 254 65 0.1
e 254 54 0.9
e 255 63 0.3
e 255 74 0.7
e 256 63 0.1
e 256 54 0.9
e 257 66 0.3
e 257 75 0.7
e 258 66 0.1
e 258 55 0.9
e 259 64 0.3
e 259 75 0.7
e 260 64 0.1
e 260 55 0.9
e 261 67 0.3
e 261 76 0.7
e 262 67 0.1
e 262 56 0.9
e 263 65 0.3
e 263 76 0.7
e 264 65 0.1
e 264 56 0.9
e 265 68 0.3
e 265 77 0.7
e 266 68 0.1
e 266 57 0.9
e 267 66 0.3
e 267 77 0.7
e 268 66 0.1
e 268 57 0.9
e 269 69 0.3
e 269 78 0.7
e 270 69 0.1
e 270 58 0.9
e 271 67 0.3
e 271 78 0.7
e 272 67 0.1
e 272 58 0.9
e 273 70 0.3
e 273 79 0.7
e 274 70 0.1
e 274 59 0.9
e 275 68 0.3
e 275 79 0.7
e 276 68 0.1
e 276 59 0.9
e 277 70 0.3
e 277 80 0.7
e 278 70 0.1
e 278 60 0.9
e 279 69 0.3
e 279 80 0.7
e 280 69 0.1
e 280 60 0.9
e 281 72 0.3
e 281 81 0.7
e 282 72 0.1
e 282 61 0.9
e 283 71 0.3
e 283 81 0.7
e 284 71 0.1
e 284 61 0.9
e 285 73 0.3
e 285 82 0.7
e 286 73 0.1
e 286 62 0.9
e 287 71 0.3
e 287 82 0.7
e 288 71 0.1
e 288 62 0.9
e 289 74 0.3
e 289 83 0.7
e 290 74 0.1
e 290 63 0.9
e 291 72 0.3
e 291 83 0.7
e 292 72 0.1
e 292 63 0.9
e 293 75 0.3
e 293 84 0.7
e 294 75 0.1
e 294 64 0.9
e 295 73 0.3
e 295 84 0.7
e 296 73 0.1
e 296 64 0.9
e 297 76 0.3
e 297 85 0.7
e 298 76 0.1
e 298 65 0.9
e 299 74 0.3
e 299 85 0.7
e 300 74 0.1
e 300 65 0.9
e 301 77 0.3
e 301 86 0.7
e 302 77 0.1
e 302 66 0.9
e 303 75 0.3
e 303 86 0.7
e 304 75 0.1
e 304 66 0.9
e 305 78 0.3
e 305 87 0.7
e 306 78 0.1
e 306 67 0.9
e 307 76 0.3
e 307 87 0.7
e 308 76 0.1
e 308 67 0.9
e 309 79 0.3
e 309 88 0.7
e 310 79 0.1
e 310 68 0.9
e 311 77 0.3
e 311 88 0.7
e 312 77 0.1
e 312 68 0.9
e 313 80 0.3
e 313 89 0.7
e 314 80 0.1
e 314 69 0.9
e 315 78 0.3
e 315 89 0.7
e 316 78 0.1
e 316 69 0.9
e 317 80 0.3
e 317 90 0.7
e 318 80 0.1
e 318 70 0.9
e 319 79 0.3
e 319 90 0.7
e 320 79 0.1
e 320 70 0.9
e 321 82 0.3
e 321 91 0.7
e 322 82 0.1
e 322 71 0.9
e 323 81 0.3
e 323 91 0.7
e 324 81 0.1
e 324 71 0.9
e 325 83 0.3
e 325 92 0.7
e 326 83 0.1
e 326 72 0.9
e 327 81 0.3
e 327 92 0.7
e 328 81 0.1
e 328 72 0.9
e 329 84 0.3
e 329 93 0.7
e 330 84 0.1
e 330 73 0.9
e 331 82 0.3
e 331 93 0.7
e 332 82 0.1
e 332 73 0.9
e 333 85 0.3
e 333 94 0.7
e 334 85 0.1
e 334 74 0.9
e 335 83 0.3
e 335 94 0.7
e 336 83 0.1
e 336 74 0.9
e 337 86 0.3
e 337 95 0.7
e 338 86 0.1
e 338 75 0.9
e 339 84 0.3
e 339 95 0.7
e 340 84 0.1
e 340 75 0.9
e 341 87 0.3
e 341 96 0.7
e 342 87 0.1
e 342 76 0.9
e 343 85 0.3
e 343 96 0.7
e 344 85 0.1
e 344 76 0.9
e 345 88 0.3
e 345 97 0.7
e 346 88 0.1
e 346 77 0.9
e 347 86 0.3
e 347 97 0.7
e 348 86 0.1
e 348 77 0.9
e 349 89 0.3
e 349 98 0.7
e 350 89 0.1
e 350 78 0.9
e 351 87 0.3
e 351 98 0.7
e 352 87 0.1
e 352 78 0.9
e 353 90 0.3
e 353 99 0.7
e 354 90 0.1
e 354 79 0.9
e 355 88 0.3
e 355 99 0.7
e 356 88 0.1
e 356 79 0.9
e 357 90 0.3
e 357 100 0.7
e 358 90 0.1
e 358 80 0.9
e 359 89 0.3
e 359 100 0.7
e 360 89 0.1
e 360 80 0.9
e 361 92 0.3
e 361 91 0.7
e 362 92 0.1
e 362 81 0.9
e 363 91 1
e 364 91 0.1
e 364 81 0.9
e 365 93 0.3
e 365 92 0.7
e 366 93 0.1
e 366 82 0.9
e 367 91 0.3
e 367 92 0.7
e 368 91 0.1
e 368 82 0.9
e 369 94 0.3
e 369 93 0.7
e 370 94 0.1
e 370 83 0.9
e 371 92 0.3
e 371 93 0.7
e 372 92 0.1
e 372 83 0.9
e 373 95 0.3
e 373 94 0.7
e 374 95 0.1
e 374 84 0.9
e 375 93 0.3
e 375 94 0.7
e 376 93 0.1
e 376 84 0.9
e 377 96 0.3
e 377 95 0.7
e 378 96 0.1
e 378 85 0.9
e 379 94 0.3
e 379 95 0.7
e 380 94 0.1
e 380 85 0.9
e 381 97 0.3
e 381 96 0.7
e 382 97 0.1
e 382 86 0.9
e 383 95 0.3
e 383 96 0.7
e 384 95 0.1
e 384 86 0.9
e 385 98 0.3
e 385 97 0.7
e 386 98 0.1
e 386 87 0.9
e 387 96 0.3
e 387 97 0.7
e 388 96 0.1
e 388 87 0.9
e 389 99 0.3
e 389 98 0.7
e 390 99 0.1
e 390 88 0.9
e 391 97 0.3
e 391 98 0.7
e 392 97 0.1
e 392 88 0.9
e 393 100 0.3
e 393 99 0.7
e 394 100 0.1
e 394 89 0.9
e 395 98 0.3
e 395 99 0.7
e 396 98 0.1
e 396 89 0.9