c Instance numero 1 du type montagne
p 9 32 61
a 1 1 1
a 1 2 1
a 1 3 1
a 1 4 1
a 2 5 1
a 2 6 1
a 2 7 1
a 2 8 1
a 3 9 1
a 3 10 1
a 3 11 1
a 3 12 1
a 4 13 1
a 4 14 1
a 4 15 1
a 4 16 1
a 5 17 59049
a 5 18 59049
a 5 19 59049
a 5 20 59049
a 6 21 1
a 6 22 1
a 6 23 1
a 6 24 1
a 7 25 1
a 7 26 1
a 7 27 1
a 7 28 1
a 8 29 1
a 8 30 1
a 8 31 1
a 8 32 1
e 1 2 0.02
e 1 4 0.98
e 2 2 0.5
e 2 1 0.5
e 3 1 0.02
e 3 4 0.98
e 4 1 1
e 5 3 0.02
e 5 5 0.98
e 6 3 0.5
e 6 2 0.5
e 7 1 0.02
e 7 5 0.98
e 8 1 0.5
e 8 2 0.5
e 9 3 0.02
e 9 6 0.98
e 10 3 1
e 11 2 0.02
e 11 6 0.98
e 12 2 0.5
e 12 3 0.5
e 13 5 0.5
e 13 7 0.5
e 14 5 0.02
e 14 1 0.98
e 15 4 0.5
e 15 7 0.5
e 16 4 0.02
e 16 1 0.98
e 17 6 0.5
e 17 8 0.5
e 18 6 0.02
e 18 2 0.98
e 19 4 0.5
e 19 8 0.5
e 20 4 0.02
e 20 2 0.98
e 21 6 0.5
e 21 9 0.5
e 22 6 0.02
e 22 3 0.98
e 23 5 0.5
e 23 9 0.5
e 24 5 0.02
e 24 3 0.98
e 25 8 0.5
e 25 7 0.5
e 26 8 0.02
e 26 4 0.98
e 27 7 1
e 28 7 0.02
e 28 4 0.98
e 29 9 0.5
e 29 8 0.5
e 30 9 0.02
e 30 5 0.98
e 31 7 0.5
e 31 8 0.5
e 32 7 0.02
e 32 5 0.98